Sample,Indel7bp_X3718140,Indel8bp_X3718040,Indel21bp_X3717878
RAL-391,0,0,0
RAL-335,NA,0,0
RAL-358,1,1,0
RAL-365,0,0,0
RAL-379,0,0,0
RAL-380,0,0,0
RAL-852,0,0,0
RAL-176,0,0,0
RAL-589,0,0,0
RAL-301,NA,1,0
RAL-357,0,0,0
RAL-304,0,NA,NA
RAL-639,NA,1,0
RAL-309,0,0,0
RAL-310,1,0,NA
RAL-317,0,0,NA
RAL-318,0,0,0
RAL-319,0,0,0
RAL-31,0,0,0
RAL-320,0,0,0
RAL-321,0,0,0
RAL-32,0,1,0
RAL-338,0,1,NA
RAL-348,1,1,0
RAL-350,1,1,0
RAL-352,0,0,0
RAL-354,0,1,0
RAL-385,0,NA,0
RAL-390,0,1,0
RAL-392,0,0,0
RAL-395,0,0,0
RAL-397,0,0,0
RAL-189,0,0,0
RAL-195,0,0,NA
RAL-217,0,0,NA
RAL-21,0,0,0
RAL-223,0,0,0
RAL-227,0,0,0
RAL-228,1,1,1
RAL-233,1,1,0
RAL-235,0,0,0
RAL-239,0,NA,0
RAL-256,0,0,0
RAL-280,0,0,NA
RAL-287,0,0,NA
RAL-101,0,0,0
RAL-356,0,0,NA
RAL-105,1,1,1
RAL-370,0,0,0
RAL-129,0,0,NA
RAL-38,0,0,0
RAL-136,0,0,NA
RAL-377,0,0,0
RAL-367,0,0,NA
RAL-355,0,1,0
RAL-359,1,1,0
RAL-177,0,0,0
RAL-161,0,1,0
RAL-158,0,0,NA
RAL-149,0,0,0
RAL-142,0,0,0
RAL-382,0,0,0
RAL-361,0,0,0
RAL-383,0,1,0
RAL-405,0,0,0
RAL-406,1,1,0
RAL-40,0,0,0
RAL-426,NA,0,0
RAL-42,NA,0,0
RAL-439,0,0,0
RAL-440,0,0,0
RAL-441,0,0,0
RAL-443,0,1,0
RAL-45,0,0,0
RAL-461,1,0,0
RAL-48,0,1,0
RAL-491,0,0,NA
RAL-492,1,1,0
RAL-49,0,0,0
RAL-502,0,1,0
RAL-505,1,1,1
RAL-508,0,0,0
RAL-509,1,0,0
RAL-513,0,0,0
RAL-528,0,0,0
RAL-530,0,0,0
RAL-531,0,0,0
RAL-551,0,0,0
RAL-559,1,1,1
RAL-563,0,0,NA
RAL-566,0,0,0
RAL-810,0,0,0
RAL-812,0,0,0
RAL-818,0,0,0
RAL-822,0,1,0
RAL-832,0,1,0
RAL-83,0,0,NA
RAL-843,0,0,0
RAL-849,0,0,0
RAL-850,0,0,0
RAL-855,0,0,0
RAL-857,0,0,0
RAL-85,0,0,NA
RAL-861,0,0,0
RAL-879,0,0,0
RAL-882,0,0,0
RAL-884,0,0,0
RAL-887,1,1,1
RAL-88,1,NA,0
RAL-890,0,0,0
RAL-892,1,1,1
RAL-894,0,1,0
RAL-907,0,0,0
RAL-908,0,0,0
RAL-911,1,0,0
RAL-913,0,0,0
RAL-91,0,0,NA
RAL-93,0,1,0
RAL-59,0,0,NA
RAL-642,0,0,0
RAL-646,0,0,0
RAL-703,0,0,0
RAL-716,0,0,NA
RAL-634,0,0,0
RAL-75,0,0,0
RAL-761,1,1,1
RAL-776,0,0,0
RAL-783,0,0,0
RAL-787,0,0,0
RAL-790,0,0,0
RAL-796,NA,1,0
RAL-804,0,0,0
RAL-805,1,1,1
RAL-596,0,0,0
RAL-627,1,1,0
RAL-630,1,1,0
RAL-721,0,0,0
RAL-73,1,1,1
RAL-595,0,NA,0
RAL-374,0,0,0
RAL-109,0,0,0
RAL-229,0,0,0
RAL-306,0,0,0
RAL-315,0,0,0
RAL-371,0,0,0
RAL-373,1,0,0
RAL-409,1,0,0
RAL-437,0,0,0
RAL-748,1,1,0
RAL-774,0,0,0
RAL-801,0,0,0
RAL-802,0,0,0
RAL-808,0,0,0
RAL-853,0,0,0
RAL-340,0,0,0
RAL-584,0,1,0
RAL-900,0,0,0
RAL-138,1,1,1
RAL-181,1,1,1
RAL-208,1,1,1
RAL-26,1,1,NA
RAL-332,0,0,0
RAL-336,0,0,NA
RAL-375,1,1,1
RAL-381,0,1,0
RAL-399,0,0,0
RAL-427,0,0,0
RAL-486,1,0,0
RAL-517,NA,1,0
RAL-555,0,0,0
RAL-57,0,0,0
RAL-69,1,1,1
RAL-705,0,0,0
RAL-707,1,0,0
RAL-712,0,1,0
RAL-714,1,0,0
RAL-727,0,0,0
RAL-732,0,0,0
RAL-737,0,0,0
RAL-738,0,0,0
RAL-757,0,0,0
RAL-765,1,0,0
RAL-786,0,0,0
RAL-799,0,1,0
RAL-820,1,0,0
RAL-837,1,1,0
RAL-859,0,0,0
RAL-897,0,0,0
